2325200336
2476354651
2476354649
2476354647
2476354645
2476354643
2476354641
2476354639
2476354637
2476354635
2476354633
2476354631
2476354629
2476354627
2476354625
2476354623
2476354621
2476354617
2476354615
2476354613
2476354611
2476354609
2277230535
2277230534
2277230530
2277230529
2277230528
2277230527
2277230525
2155927436
2155927430
2155927419
1904958794
1861596786
1861596784
1861596782
1862833449
1862833447
1862833445
1862833440
1862833436
1862833434
1862833424
1862833418
1862833416
1354071666
1830517471
1830517469
1830517467
1830517464
1780056418
1434895386
1434895354
1542031612
1365679600
1175553664
1175553662
1020216161
1020216157
395758616
404434715
404434714
404434713
404434711
404434710
404434709
404434708
404434707
404434706
404434705
404434704
404434703
404434702
404434701
404434700
326579755
326579753
326579751
307590956
328924142
56462533
51095221
84028434
84028432
148925303
148925301
148925299
148925297
